4294967279,112
4294967279,111
4294967279,110
4294967279,109
4294967279,108
4294967279,107
4294967279,106
4294967279,132
4294967279,131
4294967279,130
4294967279,129
4294967279,128
4294967279,127
4294967279,126
4294967279,125
4294967279,124
4294967279,123
4294967279,122
4294967279,121
4294967279,120
4294967279,119
4294967279,118
4294967279,117
4294967279,116
4294967279,115
4294967279,114
4294967279,113
4294967278,302
4294967279,427
4294967278,335
4294967278,543
4294967294,902
4294967294,963
4294967279,370
4294967279,199
4294967279,276
4294967278,301
4294967278,573
4294967279,413
4294967279,197
4294967278,365
4294967278,286
4294967279,316
4294967278,193
4294967278,337
4294967279,294
4294967294,1421
4294967294,429
4294967278,191
4294967279,313
4294967278,190
4294967279,400
4294967279,190
4294967278,187
4294967279,412
4294967279,445
4294967279,186
4294967279,285
4294967279,185
4294967278,565
4294967279,183
4294967279,312
4294967278,376
4294967279,181
4294967279,411
4294967278,295
4294967279,410
4294967279,179
4294967279,398
4294967278,535
4294967278,536
4294967279,342
4294967279,177
4294967279,298
4294967278,533
4294967278,275
4294967279,175
4294967279,399
4294967278,331
4294967279,173
4294967279,172
4294967294,389
4294967279,387
4294967278,9
4294967278,8
4294967278,7
4294967278,6
4294967278,5
4294967278,4
4294967278,380
4294967278,528
4294967279,170
4294967278,168
4294967279,308
4294967278,167
4294967278,25
4294967278,24
4294967278,23
4294967278,22
4294967278,21
4294967278,20
4294967278,19
4294967278,18
4294967278,17
4294967278,16
4294967278,15
4294967278,14
4294967278,13
4294967278,12
4294967278,11
4294967278,10
4294967294,398
4294967294,190
4294967294,394
4294967294,402
4294967294,403
4294967294,401
4294967294,388
4294967294,165
4294967294,113
4294967294,167
4294967294,177
4294967294,11
4294967294,184
4294967294,384
4294967294,188
4294967294,14
4294967294,20
4294967294,127
4294967294,126
4294967294,18
4294967294,166
4294967294,24
4294967294,175
4294967294,176
4294967294,12
4294967294,13
4294967294,104
4294967294,106
4294967294,160
4294967294,119
4294967294,168
4294967294,1416
4294967294,451
4294967294,524
4294967294,422
4294967278,325
4294967279,307
4294967278,361
4294967279,166
4294967278,351
4294967278,163
4294967278,36
4294967278,35
4294967278,34
4294967278,33
4294967278,32
4294967278,31
4294967278,30
4294967278,29
4294967278,28
4294967278,27
4294967278,26
4294967279,434
4294967278,162
4294967278,350
4294967279,290
4294967278,160
4294967279,305
4294967278,159
4294967278,158
4294967278,60
4294967278,59
4294967278,58
4294967278,57
4294967278,56
4294967278,55
4294967278,54
4294967278,53
4294967278,52
4294967278,51
4294967278,50
4294967278,49
4294967278,48
4294967278,47
4294967278,46
4294967278,370
4294967278,45
4294967278,44
4294967278,43
4294967278,349
4294967278,42
4294967278,41
4294967278,40
4294967278,342
4294967278,39
4294967278,38
4294967278,37
4294967278,538
4294967279,174
4294967279,85
4294967279,83
4294967279,82
4294967279,81
4294967279,80
4294967279,79
4294967279,78
4294967279,77
4294967279,74
4294967279,73
4294967279,72
4294967279,70
4294967279,68
4294967279,67
4294967279,64
4294967279,62
4294967279,61
4294967279,60
4294967279,58
4294967279,57
4294967279,55
4294967279,54
4294967279,51
4294967279,50
4294967279,49
4294967279,48
4294967279,47
4294967279,44
4294967279,43
4294967279,41
4294967279,35
4294967279,34
4294967279,33
4294967279,32
4294967279,31
4294967279,30
4294967279,27
4294967279,23
4294967279,45
4294967279,295
4294967279,156
4294967279,426
4294967279,153
4294967279,39
4294967279,38
4294967279,384
4294967279,149
4294967279,36
4294967279,395
4294967279,145
414,5
414,4
414,2
414,1
4294967279,143
4294967279,29
4294967279,425
4294967279,28
4294967279,140
4294967279,424
4294967279,139
4294967294,387
4294967279,26
4294967279,279
4294967279,138
4294967279,137
4294967279,135
4294967279,133
4294967279,292
4294967279,274
4294967279,440
4294967279,273
411,6
4294967294,921
4294967294,162
4294967279,270
4294967279,291
4294967279,403
411,5
4294967279,269
4294967279,286
4294967279,267
4294967294,477
4294967279,266
4294967279,265
411,4
411,3
411,2
411,1
4294967279,264
4294967279,263
4294967279,262
410,4
410,3
410,2
410,1
4294967279,284
4294967279,432
4294967294,425
4294967278,382
4294967278,552
4294967278,284
4294967279,414
4294967294,396
4294967294,395
4294967294,419
4294967294,953
4294967294,385
4294967294,178
4294967294,421
4294967294,183
4294967294,952
4294967294,180
4294967294,454
4294967294,386
4294967294,418
4294967294,189
4294967278,369
4294967278,315
4294967278,316
4294967294,107
4294967278,575
4294967278,313
4294967278,256
4294967294,476
4294967278,312
4294967294,392
4294967294,115
4294967278,339
